p;4;2;Toyota;Celica;13;40;2;99KL231291PLK4444;1100;275000;134;0;23-02-2019;gitara;1;2;1;1800;125;7.5;2
p;5;2;Bmw;E36;13;40;2;9111131291PLK4444;1300;205000;122;1;21-12-2019;gruz;1;2;1;1600;120;7.5;2
p;5;2;Opel;Corsa;5;40;2;99K1111291PLK4444;1200;215000;135;1;03-01-2019;ok;1;2;1;2500;175;7.5;2
p;4;2;Toyota;Supra;23;40;2;99KL444491PLK4444;1400;295000;154;1;13-03-2019;gitowa;1;2;1;3000;255;7.5;2
p;5;2;Toyota;Soarer;17;40;2;99KL2310000LK4444;1300;273000;124;1;24-04-2019;git;1;2;1;2500;225;7.5;2
u;1;Toyota;Celica;13;40;2;99KL231291PLK4444;1100;275000;134;1;23-02-2019;gitara;1;2;1;1800;125;7.5;2
u;1;Bmw;E36;13;40;2;9111131291PLK4444;1300;205000;122;1;21-12-2019;gruz;1;2;1;1600;120;7.5;2
u;2;Opel;Corsa;5;40;2;99K1111291PLK4444;1200;215000;135;1;03-01-2019;gicior;1;2;1;2500;175;7.5;2
u;1;Toyota;Supra;23;40;2;99KL444491PLK4444;1400;295000;154;1;13-03-2019;gitowa;1;2;1;3000;255;7.5;2
u;1;Toyota;Soarer;17;40;2;99KL2310000LK4444;1300;273000;124;1;24-04-2019;git;1;2;1;2500;225;7.5;2
c;32;43;2;Toyota;Celica;13;40;2;99KL231291PLK4444;1100;27500;134;0;23-02-2019;gitara;1;2;1;1800;125;7.5;2
c;12;53;2;Bmw;E36;13;40;2;9111131291PLK4444;1300;205000;122;0;21-12-2019;gruz;1;2;1;1600;120;7.5;2
c;41;53;2;Opel;Corsa;5;40;2;99K1111291PLK4444;1200;215000;135;0;03-01-2019;gicior;1;2;1;2500;175;7.5;2
c;41;13;2;Toyota;Supra;23;40;2;99KL444491PLK4444;1400;295000;154;0;13-03-2019;gitowa;1;2;1;3000;255;7.5;2
c;11;13;2;Toyota;Soarer;17;40;2;99KL2310000LK4444;1300;273000;124;0;24-04-2019;git;1;2;1;2500;225;7.5;2
p;5;2;Porsche;911;45;50;2;GT000011234567890;1200;34000;35;1;10-02-2020;ok;1;2;1;3000;320;20;1
c;3;3;2;Dodge;Ram;30;40;4;KUL44410123456789;2000;40000;300;0;10-01-2020;ok;1;0;1;3500;400;23;1
u;4;Volvo;KP500;30;40;2;OOKKDSLA123123555;1400;120000;125;1;10-02-2020;ok;1;2;1;2000;200;10;1
